Rectangle 255 0 0 247.0 213.0 196.0 133.0
Rectangle 255 0 0 404.0 159.0 65.0 114.0
Line 255 0 0 207.0 169.0 352.0 215.0
Line 255 0 0 440.0 172.0 499.0 228.0
Line 255 0 0 406.0 154.0 477.0 386.0
Line 255 0 0 423.0 353.0 547.0 439.0
Line 255 0 0 311.0 452.0 265.0 458.0
Line 255 0 0 265.0 454.0 262.0 449.0
Line 255 0 0 201.0 437.0 206.0 437.0
Line 255 0 0 457.0 444.0 489.0 451.0
Line 255 0 0 392.0 454.0 255.0 442.0
Line 255 0 0 256.0 415.0 377.0 307.0
Line 255 0 0 493.0 233.0 312.0 401.0
Line 255 0 0 303.0 403.0 554.0 278.0
Line 255 0 0 607.0 233.0 410.0 187.0
Line 255 0 0 193.0 120.0 293.0 145.0
Line 255 0 0 787.0 212.0 777.0 217.0
Line 255 0 0 668.0 221.0 441.0 359.0
Line 255 0 0 412.0 380.0 355.0 390.0
Line 255 0 0 312.0 156.0 279.0 251.0
Oval 255 0 0 158.0 133.0 97.0 101.0
Oval 255 0 0 320.0 75.0 249.0 157.0
Oval 255 0 0 538.0 279.0 124.0 103.0
Oval 255 0 0 363.0 456.0 36.0 39.0
Oval 255 0 0 240.0 286.0 17.0 60.0
Oval 255 0 0 162.0 367.0 52.0 34.0
Oval 0 51 51 88.0 210.0 76.0 84.0
Oval 0 51 51 208.0 196.0 143.0 57.0
Oval 0 51 51 479.0 154.0 46.0 80.0
Oval 0 51 51 575.0 348.0 51.0 39.0
Oval 0 51 51 255.0 461.0 8.0 8.0
Oval 0 51 51 279.0 342.0 54.0 11.0
Oval 0 51 51 342.0 380.0 89.0 100.0
Oval 0 51 51 155.0 438.0 7.0 12.0
Oval 0 51 51 286.0 347.0 28.0 19.0
Dot 0 51 51 292.0 270.0 5.0 5.0
Dot 0 51 51 361.0 130.0 5.0 5.0
Dot 0 51 51 441.0 89.0 5.0 5.0
Dot 0 51 51 213.0 123.0 5.0 5.0
Dot 0 51 51 482.0 116.0 5.0 5.0
Dot 0 51 51 535.0 214.0 5.0 5.0
Dot 0 51 51 285.0 282.0 5.0 5.0
Dot 0 51 51 540.0 311.0 5.0 5.0
Dot 0 51 51 352.0 256.0 5.0 5.0
Dot 0 51 51 449.0 277.0 5.0 5.0
Dot 0 51 51 368.0 334.0 5.0 5.0
Dot 0 51 51 620.0 349.0 5.0 5.0
Dot 0 51 51 397.0 388.0 5.0 5.0
Dot 0 51 51 288.0 367.0 5.0 5.0
Dot 0 51 51 632.0 324.0 5.0 5.0
Dot 0 51 51 637.0 397.0 5.0 5.0
Dot 0 51 51 438.0 387.0 5.0 5.0
Dot 0 51 51 379.0 273.0 5.0 5.0
Dot 0 51 51 307.0 298.0 5.0 5.0
Dot 0 51 51 355.0 148.0 5.0 5.0
Dot 0 51 51 614.0 333.0 5.0 5.0
Dot 0 51 51 477.0 325.0 5.0 5.0
Dot 0 51 51 456.0 298.0 5.0 5.0
Dot 0 51 51 469.0 189.0 5.0 5.0
Dot 0 51 51 394.0 154.0 5.0 5.0
Dot 0 51 51 304.0 160.0 5.0 5.0
Oval 0 51 51 505.0 285.0 13.0 6.0
Oval 0 51 51 460.0 227.0 93.0 17.0
Oval 0 51 51 667.0 211.0 24.0 51.0
Oval 0 51 51 537.0 355.0 106.0 9.0
Oval 0 51 51 491.0 279.0 30.0 48.0
Oval 0 51 51 541.0 230.0 31.0 39.0
Oval 0 51 51 285.0 74.0 16.0 17.0
Oval 0 51 51 481.0 130.0 11.0 4.0
Oval 0 51 51 161.0 108.0 81.0 29.0
Oval 102 255 255 224.0 263.0 37.0 47.0
Oval 102 255 255 205.0 387.0 31.0 27.0
Oval 102 255 255 513.0 347.0 1.0 46.0
Oval 102 255 255 440.0 222.0 2.0 42.0
Oval 102 255 255 469.0 343.0 36.0 19.0
Oval 102 255 255 260.0 309.0 21.0 1.0
Oval 102 255 255 452.0 296.0 38.0 39.0
Oval 102 255 255 211.0 333.0 78.0 36.0
Oval 102 255 255 297.0 204.0 27.0 54.0
Oval 102 255 255 264.0 330.0 90.0 31.0
Oval 102 255 255 498.0 341.0 19.0 26.0
Oval 102 255 255 301.0 316.0 9.0 29.0
Oval 102 255 255 401.0 159.0 0.0 1.0
Oval 102 255 255 400.0 172.0 73.0 71.0
Oval 102 255 255 380.0 221.0 72.0 50.0
Oval 102 255 255 317.0 116.0 15.0 10.0
Oval 102 255 255 300.0 57.0 5.0 0.0
Oval 102 255 255 534.0 106.0 163.0 54.0
Oval 102 255 255 676.0 181.0 15.0 25.0
Oval 102 255 255 633.0 257.0 8.0 22.0
Oval 102 255 255 614.0 316.0 10.0 34.0
Oval 102 255 255 552.0 387.0 26.0 12.0
Oval 102 255 255 509.0 430.0 6.0 19.0
Oval 102 255 255 610.0 519.0 2.0 1.0
Oval 102 255 255 455.0 498.0 83.0 23.0
Oval 102 255 255 311.0 448.0 45.0 11.0
Oval 102 255 255 127.0 418.0 15.0 31.0
Oval 102 255 255 214.0 465.0 30.0 10.0
Oval 102 255 255 106.0 395.0 9.0 8.0
Oval 102 255 255 110.0 92.0 36.0 56.0
Oval 102 255 255 237.0 55.0 62.0 25.0
